#Layer_Color=9474304
#
#Feature symbol names
#
$0 r5

#
#Feature attribute names
#

#
#Layer features
#
L 0.1240158 0.468504 0.1751968 0.468504 0 P 0
L 0.1240158 0.618504 0.1751968 0.618504 0 P 0
L 0.1240158 0.768504 0.1751968 0.768504 0 P 0
L 0.1240158 0.918504 0.1751968 0.918504 0 P 0
L 0.1240158 1.068504 0.1751968 1.068504 0 P 0
L 0.1240158 1.2181103 0.1751968 1.2181103 0 P 0
L 0.1240158 1.3681103 0.1751968 1.3681103 0 P 0
L 0.1240158 1.5181103 0.1751968 1.5181103 0 P 0
L 0.1240158 1.6681103 0.1751968 1.6681103 0 P 0
L 0.1240158 1.8181103 0.1751968 1.8181103 0 P 0
L 0.1240158 1.9677166 0.1751968 1.9677166 0 P 0
L 0.1240158 2.1177166 0.1751968 2.1177166 0 P 0
L 0.1240158 2.2677166 0.1751968 2.2677166 0 P 0
L 0.1240158 2.4177166 0.1751968 2.4177166 0 P 0
L 0.1240158 2.5677166 0.1751968 2.5677166 0 P 0
L 0.1240158 2.7173229 0.1751968 2.7173229 0 P 0
L 0.1240158 2.8673229 0.1751968 2.8673229 0 P 0
L 0.1240158 3.0173229 0.1751968 3.0173229 0 P 0
L 0.1240158 3.1673229 0.1751968 3.1673229 0 P 0
L 0.1240158 3.3173229 0.1751968 3.3173229 0 P 0
L 0.1240158 3.4669292 0.1751968 3.4669292 0 P 0
L 0.1240158 3.6169292 0.1751968 3.6169292 0 P 0
L 0.1240158 3.7669292 0.1751968 3.7669292 0 P 0
L 0.1240158 3.9169292 0.1751968 3.9169292 0 P 0
L 0.1240158 4.0669292 0.1751968 4.0669292 0 P 0
L 0.1358267 0.1968504 0.2578739 0.1968504 0 P 0
L 0.1358268 4.3307087 0.257874 4.3307087 0 P 0
L 0.1496063 0.4429135 0.1496063 0.4940945 0 P 0
L 0.1496063 0.5929135 0.1496063 0.6440945 0 P 0
L 0.1496063 0.7429135 0.1496063 0.7940945 0 P 0
L 0.1496063 0.8929135 0.1496063 0.9440945 0 P 0
L 0.1496063 1.0429135 0.1496063 1.0940945 0 P 0
L 0.1496063 1.1925198 0.1496063 1.2437008 0 P 0
L 0.1496063 1.3425198 0.1496063 1.3937008 0 P 0
L 0.1496063 1.4925198 0.1496063 1.5437008 0 P 0
L 0.1496063 1.6425198 0.1496063 1.6937008 0 P 0
L 0.1496063 1.7925198 0.1496063 1.8437008 0 P 0
L 0.1496063 1.9421261 0.1496063 1.9933071 0 P 0
L 0.1496063 2.0921261 0.1496063 2.1433071 0 P 0
L 0.1496063 2.2421261 0.1496063 2.2933071 0 P 0
L 0.1496063 2.3921261 0.1496063 2.4433071 0 P 0
L 0.1496063 2.5421261 0.1496063 2.5933071 0 P 0
L 0.1496063 2.6917324 0.1496063 2.7429134 0 P 0
L 0.1496063 2.8417324 0.1496063 2.8929134 0 P 0
L 0.1496063 2.9917324 0.1496063 3.0429134 0 P 0
L 0.1496063 3.1417324 0.1496063 3.1929134 0 P 0
L 0.1496063 3.2917324 0.1496063 3.3429134 0 P 0
L 0.1496063 3.4413387 0.1496063 3.4925197 0 P 0
L 0.1496063 3.5913387 0.1496063 3.6425197 0 P 0
L 0.1496063 3.7413387 0.1496063 3.7925197 0 P 0
L 0.1496063 3.8913387 0.1496063 3.9425197 0 P 0
L 0.1496063 4.0413387 0.1496063 4.0925197 0 P 0
L 0.1968503 0.1358268 0.1968503 0.257874 0 P 0
L 0.1968504 4.2696851 0.1968504 4.3917323 0 P 0
L 0.4417323 4.1338583 0.4968503 4.1338583 0 P 0
L 0.4653543 0.3937008 0.5204723 0.3937008 0 P 0
L 0.4692913 4.1062993 0.4692913 4.1614173 0 P 0
L 0.4929133 0.3661418 0.4929133 0.4212598 0 P 0
L 0.5216536 1.2165354 0.5728346 1.2165354 0 P 0
L 0.5277559 0.5826772 0.5612205 0.5826772 0 P 0
L 0.5334645 2.0236223 0.5452755 2.0236223 0 P 0
L 0.5334645 2.1417325 0.5452755 2.1417325 0 P 0
L 0.5334645 2.2598427 0.5452755 2.2598427 0 P 0
L 0.53937 2.0177168 0.53937 2.0295278 0 P 0
L 0.53937 2.135827 0.53937 2.147638 0 P 0
L 0.53937 2.2539372 0.53937 2.2657482 0 P 0
L 0.5444882 0.5659449 0.5444882 0.5994095 0 P 0
L 0.5472441 1.1909449 0.5472441 1.2421259 0 P 0
L 0.6277559 0.5826772 0.6612205 0.5826772 0 P 0
L 0.6417323 4.1338583 0.6968503 4.1338583 0 P 0
L 0.6444882 0.5659449 0.6444882 0.5994095 0 P 0
L 0.6515747 2.0236223 0.6633857 2.0236223 0 P 0
L 0.6515747 2.1417325 0.6633857 2.1417325 0 P 0
L 0.6515747 2.2598427 0.6633857 2.2598427 0 P 0
L 0.6574802 2.0177168 0.6574802 2.0295278 0 P 0
L 0.6574802 2.135827 0.6574802 2.147638 0 P 0
L 0.6574802 2.2539372 0.6574802 2.2657482 0 P 0
L 0.6653543 0.3937008 0.7204723 0.3937008 0 P 0
L 0.6692913 4.1062993 0.6692913 4.1614173 0 P 0
L 0.6929133 0.3661418 0.6929133 0.4212598 0 P 0
L 0.7696849 2.0236223 0.7814959 2.0236223 0 P 0
L 0.7696849 2.1417325 0.7814959 2.1417325 0 P 0
L 0.7696849 2.2598427 0.7814959 2.2598427 0 P 0
L 0.7755904 2.0177168 0.7755904 2.0295278 0 P 0
L 0.7755904 2.135827 0.7755904 2.147638 0 P 0
L 0.7755904 2.2539372 0.7755904 2.2657482 0 P 0
L 0.8976378 4.1102362 0.9291338 4.1102362 0 P 0
L 0.9133858 4.0944882 0.9133858 4.1259842 0 P 0
L 0.9620079 3.2716536 0.9954725 3.2716536 0 P 0
L 0.9692913 0.3937008 1.0244093 0.3937008 0 P 0
L 0.9787402 3.2549213 0.9787402 3.2883859 0 P 0
L 0.9968503 0.3661418 0.9968503 0.4212598 0 P 0
L 1.0238189 0.5826772 1.0572835 0.5826772 0 P 0
L 1.0405512 0.5659449 1.0405512 0.5994095 0 P 0
L 1.0620079 3.2716536 1.0954725 3.2716536 0 P 0
L 1.0787402 3.2549213 1.0787402 3.2883859 0 P 0
L 1.0866142 4.011811 1.1181102 4.011811 0 P 0
L 1.0866142 4.2480315 1.1181102 4.2480315 0 P 0
L 1.1023622 3.996063 1.1023622 4.027559 0 P 0
L 1.1023622 4.2322835 1.1023622 4.2637795 0 P 0
L 1.1238189 0.5826772 1.1572835 0.5826772 0 P 0
L 1.1405512 0.5659449 1.1405512 0.5994095 0 P 0
L 1.1620079 3.2716536 1.1954725 3.2716536 0 P 0
L 1.1692913 0.3937008 1.2244093 0.3937008 0 P 0
L 1.1787402 3.2549213 1.1787402 3.2883859 0 P 0
L 1.1968503 0.3661418 1.1968503 0.4212598 0 P 0
L 1.3090552 1.2165354 1.3602362 1.2165354 0 P 0
L 1.3346457 1.1909449 1.3346457 1.2421259 0 P 0
L 1.456694 4.1336603 1.511812 4.1336603 0 P 0
L 1.4669685 0.3937008 1.5220865 0.3937008 0 P 0
L 1.484253 4.1061013 1.484253 4.1612193 0 P 0
L 1.4945275 0.3661418 1.4945275 0.4212598 0 P 0
L 1.6183071 3.9566939 1.6517717 3.9566939 0 P 0
L 1.6261811 0.5826772 1.6596457 0.5826772 0 P 0
L 1.6350394 3.9399616 1.6350394 3.9734262 0 P 0
L 1.6429134 0.5659449 1.6429134 0.5994095 0 P 0
L 1.656694 4.1336603 1.711812 4.1336603 0 P 0
L 1.6669685 0.3937008 1.7220865 0.3937008 0 P 0
L 1.6712599 3.3661417 1.6830709 3.3661417 0 P 0
L 1.6712599 3.4842519 1.6830709 3.4842519 0 P 0
L 1.6712599 3.6023621 1.6830709 3.6023621 0 P 0
L 1.6771654 3.3602362 1.6771654 3.3720472 0 P 0
L 1.6771654 3.4783464 1.6771654 3.4901574 0 P 0
L 1.6771654 3.5964566 1.6771654 3.6082676 0 P 0
L 1.684253 4.1061013 1.684253 4.1612193 0 P 0
L 1.6945275 0.3661418 1.6945275 0.4212598 0 P 0
L 1.7183071 3.9566939 1.7517717 3.9566939 0 P 0
L 1.7261811 0.5826772 1.7596457 0.5826772 0 P 0
L 1.7350394 3.9399616 1.7350394 3.9734262 0 P 0
L 1.7429134 0.5659449 1.7429134 0.5994095 0 P 0
L 1.7893701 3.3661417 1.8011811 3.3661417 0 P 0
L 1.7893701 3.4842519 1.8011811 3.4842519 0 P 0
L 1.7893701 3.6023621 1.8011811 3.6023621 0 P 0
L 1.7952756 3.3602362 1.7952756 3.3720472 0 P 0
L 1.7952756 3.4783464 1.7952756 3.4901574 0 P 0
L 1.7952756 3.5964566 1.7952756 3.6082676 0 P 0
L 1.856694 4.1336603 1.911812 4.1336603 0 P 0
L 1.8669685 0.3937008 1.9220865 0.3937008 0 P 0
L 1.884253 4.1061013 1.884253 4.1612193 0 P 0
L 1.8945275 0.3661418 1.8945275 0.4212598 0 P 0
L 1.9074803 3.3661417 1.9192913 3.3661417 0 P 0
L 1.9074803 3.4842519 1.9192913 3.4842519 0 P 0
L 1.9074803 3.6023621 1.9192913 3.6023621 0 P 0
L 1.9133858 3.3602362 1.9133858 3.3720472 0 P 0
L 1.9133858 3.4783464 1.9133858 3.4901574 0 P 0
L 1.9133858 3.5964566 1.9133858 3.6082676 0 P 0
L 1.9429134 2.5393701 1.9547244 2.5393701 0 P 0
L 1.9429134 2.6377953 1.9547244 2.6377953 0 P 0
L 1.9429134 2.7362205 1.9547244 2.7362205 0 P 0
L 1.9488189 2.5334646 1.9488189 2.5452756 0 P 0
L 1.9488189 2.6318898 1.9488189 2.6437008 0 P 0
L 1.9488189 2.730315 1.9488189 2.742126 0 P 0
L 2.0216536 2.5393701 2.0334646 2.5393701 0 P 0
L 2.0216536 2.6377953 2.0334646 2.6377953 0 P 0
L 2.0216536 2.7362205 2.0334646 2.7362205 0 P 0
L 2.0275591 2.5334646 2.0275591 2.5452756 0 P 0
L 2.0275591 2.6318898 2.0275591 2.6437008 0 P 0
L 2.0275591 2.730315 2.0275591 2.742126 0 P 0
L 2.0898818 3.6540551 2.1016928 3.6540551 0 P 0
L 2.0898818 3.7327953 2.1016928 3.7327953 0 P 0
L 2.0898818 3.8115355 2.1016928 3.8115355 0 P 0
L 2.0957873 3.6481496 2.0957873 3.6599606 0 P 0
L 2.0957873 3.7268898 2.0957873 3.7387008 0 P 0
L 2.0957873 3.80563 2.0957873 3.817441 0 P 0
L 2.1003938 2.5393701 2.1122048 2.5393701 0 P 0
L 2.1003938 2.6377953 2.1122048 2.6377953 0 P 0
L 2.1003938 2.7362205 2.1122048 2.7362205 0 P 0
L 2.1062993 2.5334646 2.1062993 2.5452756 0 P 0
L 2.1062993 2.6318898 2.1062993 2.6437008 0 P 0
L 2.1062993 2.730315 2.1062993 2.742126 0 P 0
L 2.149685 4.1325591 2.204803 4.1325591 0 P 0
L 2.169685 0.3937008 2.224803 0.3937008 0 P 0
L 2.177244 4.1050001 2.177244 4.1601181 0 P 0
L 2.188307 3.6540551 2.200118 3.6540551 0 P 0
L 2.188307 3.7327953 2.200118 3.7327953 0 P 0
L 2.188307 3.8115355 2.200118 3.8115355 0 P 0
L 2.1942125 3.6481496 2.1942125 3.6599606 0 P 0
L 2.1942125 3.7268898 2.1942125 3.7387008 0 P 0
L 2.1942125 3.80563 2.1942125 3.817441 0 P 0
L 2.197244 0.3661418 2.197244 0.4212598 0 P 0
L 2.2105117 3.9525591 2.2439763 3.9525591 0 P 0
L 2.227244 3.9358268 2.227244 3.9692914 0 P 0
L 2.2399544 0.5798059 2.273419 0.5798059 0 P 0
L 2.2566867 0.5630736 2.2566867 0.5965382 0 P 0
L 2.2867322 3.6540551 2.2985432 3.6540551 0 P 0
L 2.2867322 3.7327953 2.2985432 3.7327953 0 P 0
L 2.2867322 3.8115355 2.2985432 3.8115355 0 P 0
L 2.2926377 3.6481496 2.2926377 3.6599606 0 P 0
L 2.2926377 3.7268898 2.2926377 3.7387008 0 P 0
L 2.2926377 3.80563 2.2926377 3.817441 0 P 0
L 2.3105117 3.9525591 2.3439763 3.9525591 0 P 0
L 2.327244 3.9358268 2.327244 3.9692914 0 P 0
L 2.3399544 0.5798059 2.373419 0.5798059 0 P 0
L 2.349685 4.1325591 2.404803 4.1325591 0 P 0
L 2.3566867 0.5630736 2.3566867 0.5965382 0 P 0
L 2.369685 0.3937008 2.424803 0.3937008 0 P 0
L 2.377244 4.1050001 2.377244 4.1601181 0 P 0
L 2.397244 0.3661418 2.397244 0.4212598 0 P 0
L 2.5918109 3.6540551 2.6036219 3.6540551 0 P 0
L 2.5918109 3.7327953 2.6036219 3.7327953 0 P 0
L 2.5918109 3.8115355 2.6036219 3.8115355 0 P 0
L 2.5977164 3.6481496 2.5977164 3.6599606 0 P 0
L 2.5977164 3.7268898 2.5977164 3.7387008 0 P 0
L 2.5977164 3.80563 2.5977164 3.817441 0 P 0
L 2.6516141 4.1325591 2.7067321 4.1325591 0 P 0
L 2.6716141 0.3937008 2.7267321 0.3937008 0 P 0
L 2.6791731 4.1050001 2.6791731 4.1601181 0 P 0
L 2.6902361 3.6540551 2.7020471 3.6540551 0 P 0
L 2.6902361 3.7327953 2.7020471 3.7327953 0 P 0
L 2.6902361 3.8115355 2.7020471 3.8115355 0 P 0
L 2.6961416 3.6481496 2.6961416 3.6599606 0 P 0
L 2.6961416 3.7268898 2.6961416 3.7387008 0 P 0
L 2.6961416 3.80563 2.6961416 3.817441 0 P 0
L 2.6968504 2.1358267 2.7362204 2.1358267 0 P 0
L 2.6968504 2.3917323 2.7362204 2.3917323 0 P 0
L 2.6991731 0.3661418 2.6991731 0.4212598 0 P 0
L 2.7124408 3.9527559 2.7459054 3.9527559 0 P 0
L 2.7165354 2.1161417 2.7165354 2.1555117 0 P 0
L 2.7165354 2.3720473 2.7165354 2.4114173 0 P 0
L 2.7291731 3.9360236 2.7291731 3.9694882 0 P 0
L 2.7434978 0.5798054 2.7769624 0.5798054 0 P 0
L 2.7602301 0.5630731 2.7602301 0.5965377 0 P 0
L 2.7886613 3.6540551 2.8004723 3.6540551 0 P 0
L 2.7886613 3.7327953 2.8004723 3.7327953 0 P 0
L 2.7886613 3.8115355 2.8004723 3.8115355 0 P 0
L 2.7945668 3.6481496 2.7945668 3.6599606 0 P 0
L 2.7945668 3.7268898 2.7945668 3.7387008 0 P 0
L 2.7945668 3.80563 2.7945668 3.817441 0 P 0
L 2.8124408 3.9527559 2.8459054 3.9527559 0 P 0
L 2.8291731 3.9360236 2.8291731 3.9694882 0 P 0
L 2.8434978 0.5798054 2.8769624 0.5798054 0 P 0
L 2.8516141 4.1325591 2.9067321 4.1325591 0 P 0
L 2.8602301 0.5630731 2.8602301 0.5965377 0 P 0
L 2.8716141 0.3937008 2.9267321 0.3937008 0 P 0
L 2.8740158 2.1358267 2.9133858 2.1358267 0 P 0
L 2.8740158 2.3917323 2.9133858 2.3917323 0 P 0
L 2.8791731 4.1050001 2.8791731 4.1601181 0 P 0
L 2.8937008 2.1161417 2.8937008 2.1555117 0 P 0
L 2.8937008 2.3720473 2.8937008 2.4114173 0 P 0
L 2.8991731 0.3661418 2.8991731 0.4212598 0 P 0
L 3.09374 3.6540551 3.105551 3.6540551 0 P 0
L 3.09374 3.7327953 3.105551 3.7327953 0 P 0
L 3.09374 3.8115355 3.105551 3.8115355 0 P 0
L 3.0996455 3.6481496 3.0996455 3.6599606 0 P 0
L 3.0996455 3.7268898 3.0996455 3.7387008 0 P 0
L 3.0996455 3.80563 3.0996455 3.817441 0 P 0
L 3.1535432 4.1325591 3.2086612 4.1325591 0 P 0
L 3.1811022 4.1050001 3.1811022 4.1601181 0 P 0
L 3.181496 0.3937008 3.236614 0.3937008 0 P 0
L 3.1921652 3.6540551 3.2039762 3.6540551 0 P 0
L 3.1921652 3.7327953 3.2039762 3.7327953 0 P 0
L 3.1921652 3.8115355 3.2039762 3.8115355 0 P 0
L 3.1980707 3.6481496 3.1980707 3.6599606 0 P 0
L 3.1980707 3.7268898 3.1980707 3.7387008 0 P 0
L 3.1980707 3.80563 3.1980707 3.817441 0 P 0
L 3.209055 0.3661418 3.209055 0.4212598 0 P 0
L 3.2143699 3.9525591 3.2478345 3.9525591 0 P 0
L 3.2273622 2.2137795 3.2608268 2.2137795 0 P 0
L 3.2273622 2.3137795 3.2608268 2.3137795 0 P 0
L 3.2311022 3.9358268 3.2311022 3.9692914 0 P 0
L 3.2440945 2.1970472 3.2440945 2.2305118 0 P 0
L 3.2440945 2.2970472 3.2440945 2.3305118 0 P 0
L 3.2478285 0.5798059 3.2812931 0.5798059 0 P 0
L 3.2645608 0.5630736 3.2645608 0.5965382 0 P 0
L 3.2795512 2.9094525 3.3189212 2.9094525 0 P 0
L 3.2795512 3.2086651 3.3189212 3.2086651 0 P 0
L 3.2905904 3.6540551 3.3024014 3.6540551 0 P 0
L 3.2905904 3.7327953 3.3024014 3.7327953 0 P 0
L 3.2905904 3.8115355 3.3024014 3.8115355 0 P 0
L 3.2964959 3.6481496 3.2964959 3.6599606 0 P 0
L 3.2964959 3.7268898 3.2964959 3.7387008 0 P 0
L 3.2964959 3.80563 3.2964959 3.817441 0 P 0
L 3.2992362 2.8897675 3.2992362 2.9291375 0 P 0
L 3.2992362 3.1889801 3.2992362 3.2283501 0 P 0
L 3.3143699 3.9525591 3.3478345 3.9525591 0 P 0
L 3.3311022 3.9358268 3.3311022 3.9692914 0 P 0
L 3.3478285 0.5798059 3.3812931 0.5798059 0 P 0
L 3.3535432 4.1325591 3.4086612 4.1325591 0 P 0
L 3.3645608 0.5630736 3.3645608 0.5965382 0 P 0
L 3.3811022 4.1050001 3.3811022 4.1601181 0 P 0
L 3.381496 0.3937008 3.436614 0.3937008 0 P 0
L 3.409055 0.3661418 3.409055 0.4212598 0 P 0
L 3.5956691 3.6540551 3.6074801 3.6540551 0 P 0
L 3.5956691 3.7327953 3.6074801 3.7327953 0 P 0
L 3.5956691 3.8115355 3.6074801 3.8115355 0 P 0
L 3.6015746 3.6481496 3.6015746 3.6599606 0 P 0
L 3.6015746 3.7268898 3.6015746 3.7387008 0 P 0
L 3.6015746 3.80563 3.6015746 3.817441 0 P 0
L 3.6320865 2.2136408 3.6655511 2.2136408 0 P 0
L 3.6320865 2.3136408 3.6655511 2.3136408 0 P 0
L 3.6488188 2.1969085 3.6488188 2.2303731 0 P 0
L 3.6488188 2.2969085 3.6488188 2.3303731 0 P 0
L 3.6554723 4.1325591 3.7105903 4.1325591 0 P 0
L 3.6830313 4.1050001 3.6830313 4.1601181 0 P 0
L 3.6834251 0.3937008 3.7385431 0.3937008 0 P 0
L 3.6940943 3.6540551 3.7059053 3.6540551 0 P 0
L 3.6940943 3.7327953 3.7059053 3.7327953 0 P 0
L 3.6940943 3.8115355 3.7059053 3.8115355 0 P 0
L 3.6999998 3.6481496 3.6999998 3.6599606 0 P 0
L 3.6999998 3.7268898 3.6999998 3.7387008 0 P 0
L 3.6999998 3.80563 3.6999998 3.817441 0 P 0
L 3.7109841 0.3661418 3.7109841 0.4212598 0 P 0
L 3.716299 3.9527559 3.7497636 3.9527559 0 P 0
L 3.7330313 3.9360236 3.7330313 3.9694882 0 P 0
L 3.7478285 0.5798059 3.7812931 0.5798059 0 P 0
L 3.7645608 0.5630736 3.7645608 0.5965382 0 P 0
L 3.7925195 3.6540551 3.8043305 3.6540551 0 P 0
L 3.7925195 3.7327953 3.8043305 3.7327953 0 P 0
L 3.7925195 3.8115355 3.8043305 3.8115355 0 P 0
L 3.798425 3.6481496 3.798425 3.6599606 0 P 0
L 3.798425 3.7268898 3.798425 3.7387008 0 P 0
L 3.798425 3.80563 3.798425 3.817441 0 P 0
L 3.816299 3.9527559 3.8497636 3.9527559 0 P 0
L 3.8330313 3.9360236 3.8330313 3.9694882 0 P 0
L 3.8478285 0.5798059 3.8812931 0.5798059 0 P 0
L 3.8554723 4.1325591 3.9105903 4.1325591 0 P 0
L 3.8645608 0.5630736 3.8645608 0.5965382 0 P 0
L 3.8830313 4.1050001 3.8830313 4.1601181 0 P 0
L 3.8834251 0.3937008 3.9385431 0.3937008 0 P 0
L 3.9109841 0.3661418 3.9109841 0.4212598 0 P 0
L 3.9803151 1.8291338 4.0826773 1.8291338 0 P 0
L 3.9803151 3.1283464 4.0826773 3.1283464 0 P 0
L 4.0314962 1.7779527 4.0314962 1.8803149 0 P 0
L 4.0314962 3.0771653 4.0314962 3.1795275 0 P 0
L 4.0975982 3.6540551 4.1094092 3.6540551 0 P 0
L 4.0975982 3.7327953 4.1094092 3.7327953 0 P 0
L 4.0975982 3.8115355 4.1094092 3.8115355 0 P 0
L 4.1035037 3.6481496 4.1035037 3.6599606 0 P 0
L 4.1035037 3.7268898 4.1035037 3.7387008 0 P 0
L 4.1035037 3.80563 4.1035037 3.817441 0 P 0
L 4.1574014 4.1325591 4.2125194 4.1325591 0 P 0
L 4.1828348 0.3937008 4.2379528 0.3937008 0 P 0
L 4.1849604 4.1050001 4.1849604 4.1601181 0 P 0
L 4.1960234 3.6540551 4.2078344 3.6540551 0 P 0
L 4.1960234 3.7327953 4.2078344 3.7327953 0 P 0
L 4.1960234 3.8115355 4.2078344 3.8115355 0 P 0
L 4.2019289 3.6481496 4.2019289 3.6599606 0 P 0
L 4.2019289 3.7268898 4.2019289 3.7387008 0 P 0
L 4.2019289 3.80563 4.2019289 3.817441 0 P 0
L 4.2103938 0.3661418 4.2103938 0.4212598 0 P 0
L 4.2182281 3.9527559 4.2516927 3.9527559 0 P 0
L 4.2349604 3.9360236 4.2349604 3.9694882 0 P 0
L 4.2478284 0.5826772 4.281293 0.5826772 0 P 0
L 4.2645607 0.5659449 4.2645607 0.5994095 0 P 0
L 4.2944486 3.6540551 4.3062596 3.6540551 0 P 0
L 4.2944486 3.7327953 4.3062596 3.7327953 0 P 0
L 4.2944486 3.8115355 4.3062596 3.8115355 0 P 0
L 4.3003541 3.6481496 4.3003541 3.6599606 0 P 0
L 4.3003541 3.7268898 4.3003541 3.7387008 0 P 0
L 4.3003541 3.80563 4.3003541 3.817441 0 P 0
L 4.3182281 3.9527559 4.3516927 3.9527559 0 P 0
L 4.3349604 3.9360236 4.3349604 3.9694882 0 P 0
L 4.3478284 0.5826772 4.381293 0.5826772 0 P 0
L 4.3574014 4.1325591 4.4125194 4.1325591 0 P 0
L 4.3645607 0.5659449 4.3645607 0.5994095 0 P 0
L 4.3828348 0.3937008 4.4379528 0.3937008 0 P 0
L 4.3849604 4.1050001 4.3849604 4.1601181 0 P 0
L 4.4103938 0.3661418 4.4103938 0.4212598 0 P 0
L 4.5995273 3.6540551 4.6113383 3.6540551 0 P 0
L 4.5995273 3.7327953 4.6113383 3.7327953 0 P 0
L 4.5995273 3.8115355 4.6113383 3.8115355 0 P 0
L 4.6054328 3.6481496 4.6054328 3.6599606 0 P 0
L 4.6054328 3.7268898 4.6054328 3.7387008 0 P 0
L 4.6054328 3.80563 4.6054328 3.817441 0 P 0
L 4.6593305 4.1325591 4.7144485 4.1325591 0 P 0
L 4.6781103 0.3937008 4.7332283 0.3937008 0 P 0
L 4.6868895 4.1050001 4.6868895 4.1601181 0 P 0
L 4.6979525 3.6540551 4.7097635 3.6540551 0 P 0
L 4.6979525 3.7327953 4.7097635 3.7327953 0 P 0
L 4.6979525 3.8115355 4.7097635 3.8115355 0 P 0
L 4.703858 3.6481496 4.703858 3.6599606 0 P 0
L 4.703858 3.7268898 4.703858 3.7387008 0 P 0
L 4.703858 3.80563 4.703858 3.817441 0 P 0
L 4.7056693 0.3661418 4.7056693 0.4212598 0 P 0
L 4.7201572 3.9527559 4.7536218 3.9527559 0 P 0
L 4.7368895 3.9360236 4.7368895 3.9694882 0 P 0
L 4.7387733 0.5826772 4.7722379 0.5826772 0 P 0
L 4.7555056 0.5659449 4.7555056 0.5994095 0 P 0
L 4.7963777 3.6540551 4.8081887 3.6540551 0 P 0
L 4.7963777 3.7327953 4.8081887 3.7327953 0 P 0
L 4.7963777 3.8115355 4.8081887 3.8115355 0 P 0
L 4.8022832 3.6481496 4.8022832 3.6599606 0 P 0
L 4.8022832 3.7268898 4.8022832 3.7387008 0 P 0
L 4.8022832 3.80563 4.8022832 3.817441 0 P 0
L 4.8201572 3.9527559 4.8536218 3.9527559 0 P 0
L 4.8368895 3.9360236 4.8368895 3.9694882 0 P 0
L 4.8387733 0.5826772 4.8722379 0.5826772 0 P 0
L 4.8555056 0.5659449 4.8555056 0.5994095 0 P 0
L 4.8593305 4.1325591 4.9144485 4.1325591 0 P 0
L 4.8781103 0.3937008 4.9332283 0.3937008 0 P 0
L 4.8868895 4.1050001 4.8868895 4.1601181 0 P 0
L 4.9056693 0.3661418 4.9056693 0.4212598 0 P 0
L 5.0551181 1.0570866 5.0944881 1.0570866 0 P 0
L 5.0551181 1.3720472 5.0944881 1.3720472 0 P 0
L 5.0748031 1.0374016 5.0748031 1.0767716 0 P 0
L 5.0748031 1.3523622 5.0748031 1.3917322 0 P 0
L 5.1014564 3.6540551 5.1132674 3.6540551 0 P 0
L 5.1014564 3.7327953 5.1132674 3.7327953 0 P 0
L 5.1014564 3.8115355 5.1132674 3.8115355 0 P 0
L 5.1073619 3.6481496 5.1073619 3.6599606 0 P 0
L 5.1073619 3.7268898 5.1073619 3.7387008 0 P 0
L 5.1073619 3.80563 5.1073619 3.817441 0 P 0
L 5.1612596 4.1325591 5.2163776 4.1325591 0 P 0
L 5.1741733 0.3937008 5.2292913 0.3937008 0 P 0
L 5.1888186 4.1050001 5.1888186 4.1601181 0 P 0
L 5.1998816 3.6540551 5.2116926 3.6540551 0 P 0
L 5.1998816 3.7327953 5.2116926 3.7327953 0 P 0
L 5.1998816 3.8115355 5.2116926 3.8115355 0 P 0
L 5.2017323 0.3661418 5.2017323 0.4212598 0 P 0
L 5.2057871 3.6481496 5.2057871 3.6599606 0 P 0
L 5.2057871 3.7268898 5.2057871 3.7387008 0 P 0
L 5.2057871 3.80563 5.2057871 3.817441 0 P 0
L 5.2220863 3.9527559 5.2555509 3.9527559 0 P 0
L 5.2328677 0.5857114 5.2663323 0.5857114 0 P 0
L 5.2388186 3.9360236 5.2388186 3.9694882 0 P 0
L 5.2496 0.5689791 5.2496 0.6024437 0 P 0
L 5.2983068 3.6540551 5.3101178 3.6540551 0 P 0
L 5.2983068 3.7327953 5.3101178 3.7327953 0 P 0
L 5.2983068 3.8115355 5.3101178 3.8115355 0 P 0
L 5.3042123 3.6481496 5.3042123 3.6599606 0 P 0
L 5.3042123 3.7268898 5.3042123 3.7387008 0 P 0
L 5.3042123 3.80563 5.3042123 3.817441 0 P 0
L 5.3220863 3.9527559 5.3555509 3.9527559 0 P 0
L 5.3328677 0.5857114 5.3663323 0.5857114 0 P 0
L 5.3388186 3.9360236 5.3388186 3.9694882 0 P 0
L 5.3496 0.5689791 5.3496 0.6024437 0 P 0
L 5.3612596 4.1325591 5.4163776 4.1325591 0 P 0
L 5.3741733 0.3937008 5.4292913 0.3937008 0 P 0
L 5.3888186 4.1050001 5.3888186 4.1601181 0 P 0
L 5.4017323 0.3661418 5.4017323 0.4212598 0 P 0
L 5.6033855 3.6540551 5.6151965 3.6540551 0 P 0
L 5.6033855 3.7327953 5.6151965 3.7327953 0 P 0
L 5.6033855 3.8115355 5.6151965 3.8115355 0 P 0
L 5.609291 3.6481496 5.609291 3.6599606 0 P 0
L 5.609291 3.7268898 5.609291 3.7387008 0 P 0
L 5.609291 3.80563 5.609291 3.817441 0 P 0
L 5.6631887 4.1325591 5.7183067 4.1325591 0 P 0
L 5.6702363 0.3937008 5.7253543 0.3937008 0 P 0
L 5.6907477 4.1050001 5.6907477 4.1601181 0 P 0
L 5.6977953 0.3661418 5.6977953 0.4212598 0 P 0
L 5.7018107 3.6540551 5.7136217 3.6540551 0 P 0
L 5.7018107 3.7327953 5.7136217 3.7327953 0 P 0
L 5.7018107 3.8115355 5.7136217 3.8115355 0 P 0
L 5.7077162 3.6481496 5.7077162 3.6599606 0 P 0
L 5.7077162 3.7268898 5.7077162 3.7387008 0 P 0
L 5.7077162 3.80563 5.7077162 3.817441 0 P 0
L 5.7240154 3.9527559 5.75748 3.9527559 0 P 0
L 5.7289307 0.5857114 5.7623953 0.5857114 0 P 0
L 5.7407477 3.9360236 5.7407477 3.9694882 0 P 0
L 5.745663 0.5689791 5.745663 0.6024437 0 P 0
L 5.8002359 3.6540551 5.8120469 3.6540551 0 P 0
L 5.8002359 3.7327953 5.8120469 3.7327953 0 P 0
L 5.8002359 3.8115355 5.8120469 3.8115355 0 P 0
L 5.8061414 3.6481496 5.8061414 3.6599606 0 P 0
L 5.8061414 3.7268898 5.8061414 3.7387008 0 P 0
L 5.8061414 3.80563 5.8061414 3.817441 0 P 0
L 5.8240154 3.9527559 5.85748 3.9527559 0 P 0
L 5.8289307 0.5857114 5.8623953 0.5857114 0 P 0
L 5.8407477 3.9360236 5.8407477 3.9694882 0 P 0
L 5.845663 0.5689791 5.845663 0.6024437 0 P 0
L 5.8631887 4.1325591 5.9183067 4.1325591 0 P 0
L 5.8700787 1.8291338 5.9724409 1.8291338 0 P 0
L 5.8700787 3.1283464 5.9724409 3.1283464 0 P 0
L 5.8702363 0.3937008 5.9253543 0.3937008 0 P 0
L 5.8907477 4.1050001 5.8907477 4.1601181 0 P 0
L 5.8977953 0.3661418 5.8977953 0.4212598 0 P 0
L 5.9212598 1.7779527 5.9212598 1.8803149 0 P 0
L 5.9212598 3.0771653 5.9212598 3.1795275 0 P 0
L 6.0895669 0.0633858 6.1230315 0.0633858 0 P 0
L 6.0895669 0.1633858 6.1230315 0.1633858 0 P 0
L 6.0895669 0.2633858 6.1230315 0.2633858 0 P 0
L 6.1062992 0.0466535 6.1062992 0.0801181 0 P 0
L 6.1062992 0.1466535 6.1062992 0.1801181 0 P 0
L 6.1062992 0.2466535 6.1062992 0.2801181 0 P 0
L 6.1285433 1.2561023 6.1635827 1.2561023 0 P 0
L 6.1285433 1.3561023 6.1635827 1.3561023 0 P 0
L 6.1285433 1.4561023 6.1635827 1.4561023 0 P 0
L 6.1285433 1.5561023 6.1635827 1.5561023 0 P 0
L 6.146063 1.2385826 6.146063 1.273622 0 P 0
L 6.146063 1.3385826 6.146063 1.373622 0 P 0
L 6.146063 1.4385826 6.146063 1.473622 0 P 0
L 6.146063 1.5385826 6.146063 1.573622 0 P 0
L 6.1496061 1.7874018 6.2204721 1.7874018 0 P 0
L 6.1496061 2.0039372 6.2204721 2.0039372 0 P 0
L 6.1830708 4.3346457 6.2185038 4.3346457 0 P 0
L 6.1850391 1.7519688 6.1850391 1.8228348 0 P 0
L 6.1850391 1.9685042 6.1850391 2.0393702 0 P 0
L 6.1870077 1.8956695 6.2224407 1.8956695 0 P 0
L 6.2007873 4.3169292 6.2007873 4.3523622 0 P 0
L 6.2047242 1.877953 6.2047242 1.913386 0 P 0
L 6.2285433 1.2061023 6.2635827 1.2061023 0 P 0
L 6.2285433 1.3061023 6.2635827 1.3061023 0 P 0
L 6.2285433 1.4061023 6.2635827 1.4061023 0 P 0
L 6.2285433 1.5061023 6.2635827 1.5061023 0 P 0
L 6.246063 1.1885826 6.246063 1.223622 0 P 0
L 6.246063 1.2885826 6.246063 1.323622 0 P 0
L 6.246063 1.3885826 6.246063 1.423622 0 P 0
L 6.246063 1.4885826 6.246063 1.523622 0 P 0
L 6.2657478 1.8956695 6.3011808 1.8956695 0 P 0
L 6.2834643 1.877953 6.2834643 1.913386 0 P 0
L 6.3375984 0.0653543 6.371063 0.0653543 0 P 0
L 6.3375984 0.1653543 6.371063 0.1653543 0 P 0
L 6.3375984 0.2653543 6.371063 0.2653543 0 P 0
L 6.3438977 1.0763779 6.4080709 1.0763779 0 P 0
L 6.3438977 1.6862205 6.4080709 1.6862205 0 P 0
L 6.344488 1.8956695 6.379921 1.8956695 0 P 0
L 6.3543307 0.048622 6.3543307 0.0820866 0 P 0
L 6.3543307 0.148622 6.3543307 0.1820866 0 P 0
L 6.3543307 0.248622 6.3543307 0.2820866 0 P 0
L 6.3562992 4.3346457 6.3917322 4.3346457 0 P 0
L 6.3622045 1.877953 6.3622045 1.913386 0 P 0
L 6.3740157 4.3169292 6.3740157 4.3523622 0 P 0
L 6.3759843 1.0442913 6.3759843 1.1084645 0 P 0
L 6.3759843 1.6541339 6.3759843 1.7183071 0 P 0
L 6.4232281 1.8956695 6.4586611 1.8956695 0 P 0
L 6.4251967 1.7874018 6.4960627 1.7874018 0 P 0
L 6.4251967 2.0039372 6.4960627 2.0039372 0 P 0
L 6.4320866 1.1562992 6.5600394 1.1562992 0 P 0
L 6.4320866 1.6062992 6.5600394 1.6062992 0 P 0
L 6.4409446 1.877953 6.4409446 1.913386 0 P 0
L 6.4606297 1.7519688 6.4606297 1.8228348 0 P 0
L 6.4606297 1.9685042 6.4606297 2.0393702 0 P 0
L 6.496063 1.0923228 6.496063 1.2202756 0 P 0
L 6.496063 1.5423228 6.496063 1.6702756 0 P 0
L 6.5358269 3.5295275 6.5712599 3.5295275 0 P 0
L 6.5358269 4.1003937 6.5712599 4.1003937 0 P 0
L 6.5535434 3.511811 6.5535434 3.547244 0 P 0
L 6.5535434 4.0826772 6.5535434 4.1181102 0 P 0
L 6.6318898 0.1968504 6.753937 0.1968504 0 P 0
L 6.6318898 4.3307087 6.753937 4.3307087 0 P 0
L 6.6688977 1.1204724 6.7090551 1.1204724 0 P 0
L 6.6688977 1.2204724 6.7090551 1.2204724 0 P 0
L 6.6688977 1.542126 6.7090551 1.542126 0 P 0
L 6.6688977 1.642126 6.7090551 1.642126 0 P 0
L 6.6712596 2.2007875 6.7066926 2.2007875 0 P 0
L 6.6712596 2.3740159 6.7066926 2.3740159 0 P 0
L 6.6889761 2.183071 6.6889761 2.218504 0 P 0
L 6.6889761 2.3562994 6.6889761 2.3917324 0 P 0
L 6.6889764 1.1003937 6.6889764 1.1405511 0 P 0
L 6.6889764 1.2003937 6.6889764 1.2405511 0 P 0
L 6.6889764 1.5220473 6.6889764 1.5622047 0 P 0
L 6.6889764 1.6220473 6.6889764 1.6622047 0 P 0
L 6.6929134 0.1358268 6.6929134 0.257874 0 P 0
L 6.6929134 4.2696851 6.6929134 4.3917323 0 P 0
L 6.7125985 0.5000001 6.7519685 0.5000001 0 P 0
L 6.7125985 0.8149607 6.7519685 0.8149607 0 P 0
L 6.7322835 0.4803151 6.7322835 0.5196851 0 P 0
L 6.7322835 0.7952757 6.7322835 0.8346457 0 P 0
L 6.7700789 3.5295275 6.8055119 3.5295275 0 P 0
L 6.7700789 4.1003937 6.8055119 4.1003937 0 P 0
L 6.7877954 3.511811 6.7877954 3.547244 0 P 0
L 6.7877954 4.0826772 6.7877954 4.1181102 0 P 0
